#pragma once

#include <tinympc/types.hpp>

tinytype rho_value = 5.0;

tinytype Adyn_data[NSTATES*NSTATES] = {
  1.0000000,	0.0000000,	0.0000000,	0.0000000,	0.0009810,	0.0000000,	0.0100000,	0.0000000,	0.0000000,	0.0000000,	0.0000016,	0.0000000,	
  0.0000000,	1.0000000,	0.0000000,	-0.0009810,	0.0000000,	0.0000000,	0.0000000,	0.0100000,	0.0000000,	-0.0000016,	0.0000000,	0.0000000,	
  0.0000000,	0.0000000,	1.0000000,	0.0000000,	0.0000000,	0.0000000,	0.0000000,	0.0000000,	0.0100000,	0.0000000,	0.0000000,	0.0000000,	
  0.0000000,	0.0000000,	0.0000000,	1.0000000,	0.0000000,	0.0000000,	0.0000000,	0.0000000,	0.0000000,	0.0050000,	0.0000000,	0.0000000,	
  0.0000000,	0.0000000,	0.0000000,	0.0000000,	1.0000000,	0.0000000,	0.0000000,	0.0000000,	0.0000000,	0.0000000,	0.0050000,	0.0000000,	
  0.0000000,	0.0000000,	0.0000000,	0.0000000,	0.0000000,	1.0000000,	0.0000000,	0.0000000,	0.0000000,	0.0000000,	0.0000000,	0.0050000,	
  0.0000000,	0.0000000,	0.0000000,	0.0000000,	0.1962000,	0.0000000,	1.0000000,	0.0000000,	0.0000000,	0.0000000,	0.0004905,	0.0000000,	
  0.0000000,	0.0000000,	0.0000000,	-0.1962000,	0.0000000,	0.0000000,	0.0000000,	1.0000000,	0.0000000,	-0.0004905,	0.0000000,	0.0000000,	
  0.0000000,	0.0000000,	0.0000000,	0.0000000,	0.0000000,	0.0000000,	0.0000000,	0.0000000,	1.0000000,	0.0000000,	0.0000000,	0.0000000,	
  0.0000000,	0.0000000,	0.0000000,	0.0000000,	0.0000000,	0.0000000,	0.0000000,	0.0000000,	0.0000000,	1.0000000,	0.0000000,	0.0000000,	
  0.0000000,	0.0000000,	0.0000000,	0.0000000,	0.0000000,	0.0000000,	0.0000000,	0.0000000,	0.0000000,	0.0000000,	1.0000000,	0.0000000,	
  0.0000000,	0.0000000,	0.0000000,	0.0000000,	0.0000000,	0.0000000,	0.0000000,	0.0000000,	0.0000000,	0.0000000,	0.0000000,	1.0000000	
};

tinytype Bdyn_data[NSTATES*NINPUTS] = {
  -0.0000011,	0.0000012,	0.0000011,	-0.0000012,	
  0.0000011,	0.0000012,	-0.0000011,	-0.0000012,	
  0.0002102,	0.0002102,	0.0002102,	0.0002102,	
  -0.0068839,	-0.0075809,	0.0068916,	0.0075732,	
  -0.0069177,	0.0076070,	0.0069392,	-0.0076285,	
  0.0004937,	-0.0001806,	-0.0006961,	0.0003830,	
  -0.0004524,	0.0004975,	0.0004538,	-0.0004989,	
  0.0004502,	0.0004958,	-0.0004507,	-0.0004953,	
  0.0420429,	0.0420429,	0.0420429,	0.0420429,	
  -2.7535461,	-3.0323404,	2.7566264,	3.0292601,	
  -2.7670702,	3.0427842,	2.7756950,	-3.0514090,	
  0.1974771,	-0.0722364,	-0.2784376,	0.1531969	
};

tinytype Kinf_data[NINPUTS*NSTATES] = {
  -2.3339826,	2.3397925,	4.5725462,	-2.0084743,	-2.0610680,	-0.9600589,	-0.6949334,	0.6921039,	0.7500692,	-0.0817159,	-0.0919493,	-0.2837649,	
  2.2071646,	2.2065460,	4.5725462,	-1.8140233,	1.9455905,	0.9598182,	0.6560893,	0.6458333,	0.7500692,	-0.0631534,	0.0873020,	0.2834089,	
  2.3185624,	-2.3337968,	4.5725462,	1.9297103,	1.8637810,	-0.9590807,	0.6764903,	-0.6847787,	0.7500692,	0.0678055,	0.0571592,	-0.2825204,	
  -2.1917445,	-2.2125418,	4.5725462,	1.8927873,	-1.7483034,	0.9593214,	-0.6376462,	-0.6531586,	0.7500692,	0.0770638,	-0.0525119,	0.2828764	
};

tinytype Pinf_data[NSTATES*NSTATES] = {
  294582.1646933,	-330.7071023,	0.0000000,	252.4478872,	59696.5721802,	293.3544006,	41445.8483192,	-96.0945456,	0.0000000,	7.5400391,	226.3394933,	29.9185142,	
  -330.7071023,	294426.7215507,	0.0000000,	-59596.2968816,	-252.7031395,	-117.2436364,	-96.1396923,	41399.9769915,	0.0000000,	-225.4266034,	-7.5534848,	-11.9695044,	
  0.0000000,	-0.0000000,	164119.5543575,	-0.0000000,	0.0000000,	-0.0000000,	0.0000000,	-0.0000000,	12190.2858477,	0.0000000,	-0.0000000,	-0.0000000,	
  252.4478872,	-59596.2968816,	-0.0000000,	45825.6112041,	265.4547676,	571.2040620,	81.8079334,	-16783.9596091,	-0.0000000,	184.0565172,	12.5596184,	107.5962937,	
  59696.5721802,	-252.7031395,	-0.0000000,	265.4547676,	46025.6702853,	1428.1624819,	16829.0998501,	-81.8457786,	0.0000000,	12.5559583,	197.6182794,	268.9782008,	
  293.3544006,	-117.2436364,	-0.0000000,	571.2040620,	1428.1624819,	23900.7611389,	196.7627955,	-78.6783526,	-0.0000000,	63.0439969,	157.6113754,	2566.4852805,	
  41445.8483192,	-96.1396923,	0.0000000,	81.8079334,	16829.0998501,	196.7627955,	8959.1951694,	-29.2005715,	0.0000000,	2.7124596,	66.4059497,	27.2532905,	
  -96.0945456,	41399.9769915,	0.0000000,	-16783.9596091,	-81.8457786,	-78.6783526,	-29.2005715,	8943.3996849,	0.0000000,	-65.1479943,	-2.7151006,	-10.9021526,	
  0.0000000,	-0.0000000,	12190.2858477,	-0.0000000,	-0.0000000,	-0.0000000,	-0.0000000,	-0.0000000,	1943.2130193,	-0.0000000,	-0.0000000,	-0.0000000,	
  7.5400391,	-225.4266034,	-0.0000000,	184.0565172,	12.5559583,	63.0439969,	2.7124596,	-65.1479943,	-0.0000000,	10.5790914,	1.3642075,	18.4579768,	
  226.3394933,	-7.5534848,	-0.0000000,	12.5596184,	197.6182794,	157.6113754,	66.4059497,	-2.7151006,	-0.0000000,	1.3642075,	12.9514720,	46.1431870,	
  29.9185142,	-11.9695044,	-0.0000000,	107.5962937,	268.9782008,	2566.4852805,	27.2532905,	-10.9021526,	-0.0000000,	18.4579768,	46.1431870,	755.3845748	
};

tinytype Quu_inv_data[NINPUTS*NINPUTS] = {
  0.0054573,	-0.0001844,	0.0032766,	-0.0001904,	
  -0.0001844,	0.0053380,	-0.0001864,	0.0033918,	
  0.0032766,	-0.0001864,	0.0054427,	-0.0001738,	
  -0.0001904,	0.0033918,	-0.0001738,	0.0053315	
};

tinytype AmBKt_data[NSTATES*NSTATES] = {
  0.9999893,	-0.0000002,	-0.0000000,	0.0012852,	-0.0657444,	0.0040042,	-0.0042997,	-0.0000841,	-0.0000000,	0.5140994,	-26.2977500,	1.6016892,	
  -0.0000002,	0.9999893,	-0.0000000,	0.0656737,	-0.0012828,	-0.0015338,	-0.0000839,	-0.0042951,	-0.0000000,	26.2694954,	-0.5131352,	-0.6135248,	
  -0.0000000,	0.0000000,	0.9961551,	-0.0000000,	-0.0000000,	0.0000000,	-0.0000000,	0.0000000,	-0.7689716,	-0.0000000,	-0.0000000,	0.0000000,	
  0.0000002,	-0.0009720,	0.0000000,	0.9447890,	0.0009537,	0.0012823,	0.0000624,	-0.1925892,	0.0000000,	-22.0843978,	0.3814727,	0.5129240,	
  0.0009720,	-0.0000002,	0.0000000,	0.0009569,	0.9446720,	0.0033358,	0.1925815,	-0.0000626,	0.0000000,	0.3827646,	-22.1312080,	1.3343376,	
  0.0000000,	-0.0000000,	-0.0000000,	0.0000118,	0.0000308,	0.9996123,	0.0000020,	-0.0000008,	-0.0000000,	0.0047223,	0.0123275,	-0.1550857,	
  0.0099968,	-0.0000001,	0.0000000,	0.0003568,	-0.0193568,	0.0011767,	0.9987341,	-0.0000233,	0.0000000,	0.1427199,	-7.7427177,	0.4706727,	
  -0.0000001,	0.0099968,	0.0000000,	0.0193260,	-0.0003559,	-0.0004516,	-0.0000233,	0.9987361,	0.0000000,	7.7303925,	-0.1423484,	-0.1806283,	
  -0.0000000,	0.0000000,	0.0093693,	-0.0000000,	-0.0000000,	0.0000000,	-0.0000000,	0.0000000,	0.8738598,	-0.0000000,	-0.0000000,	0.0000000,	
  0.0000000,	-0.0000013,	0.0000000,	0.0029078,	0.0000325,	0.0000466,	0.0000021,	-0.0003537,	0.0000000,	0.1631280,	0.0129941,	0.0186487,	
  0.0000013,	-0.0000000,	0.0000000,	0.0000326,	0.0029026,	0.0001211,	0.0003533,	-0.0000021,	0.0000000,	0.0130483,	0.1610366,	0.0484242,	
  -0.0000000,	0.0000000,	0.0000000,	-0.0000002,	-0.0000005,	0.0048863,	-0.0000000,	0.0000000,	0.0000000,	-0.0000704,	-0.0001878,	0.9545094	
};

tinytype coeff_d2p_data[NSTATES*NINPUTS] = {
  0.0000000,	-0.0000000,	0.0000000,	-0.0000000,	
  -0.0000000,	0.0000000,	-0.0000000,	0.0000000,	
  0.0000000,	0.0000000,	0.0000000,	-0.0000000,	
  0.0000000,	-0.0000000,	0.0000000,	-0.0000000,	
  0.0000000,	-0.0000000,	0.0000000,	-0.0000000,	
  0.0000000,	-0.0000000,	0.0000000,	-0.0000000,	
  0.0000000,	-0.0000000,	0.0000000,	-0.0000000,	
  -0.0000000,	0.0000000,	-0.0000000,	0.0000000,	
  0.0000000,	-0.0000000,	0.0000000,	0.0000000,	
  0.0000000,	-0.0000000,	0.0000000,	-0.0000000,	
  0.0000000,	-0.0000000,	0.0000000,	-0.0000000,	
  0.0000000,	-0.0000000,	0.0000000,	-0.0000000	
};

tinytype Q_data[NSTATES]= {10000.0000000,	10000.0000000,	10000.0000000,	4.0000000,	4.0000000,	400.0000000,	4.0000000,	4.0000000,	4.0000000,	2.0408163,	2.0408163,	4.0000000};

tinytype R_data[NINPUTS]= {100.0000000,	100.0000000,	100.0000000,	100.0000000};

