Kinf << 
-0.023387f,0.022728f,0.019654f,-0.078950f,-0.085564f,-0.036302f,-0.014893f,0.014212f,0.015845f,-0.007515f,-0.008578f,-0.021038f,
0.023716f,0.022286f,0.019654f,-0.071457f,0.085117f,0.037966f,0.014966f,0.013562f,0.015845f,-0.006328f,0.008628f,0.023550f,
0.021629f,-0.022029f,0.019654f,0.072168f,0.068579f,-0.042269f,0.013198f,-0.013536f,0.015845f,0.006296f,0.005530f,-0.030403f,
-0.021958f,-0.022986f,0.019654f,0.078239f,-0.068131f,0.040605f,-0.013271f,-0.014238f,0.015845f,0.007546f,-0.005580f,0.027891f;

Pinf << 
3260.766475f,-15.929863f,0.000000f,51.831344f,2495.197591f,151.889677f,874.364421f,-10.125081f,0.000000f,2.864997f,31.156203f,73.937240f,
-15.929863f,3236.968138f,0.000000f,-2418.174336f,-52.048267f,-60.408183f,-10.143521f,859.081110f,0.000000f,-27.260970f,-2.887227f,-29.401887f,
0.000000f,-0.000000f,4169.015086f,0.000000f,-0.000000f,-0.000000f,-0.000000f,-0.000000f,1523.345611f,-0.000000f,-0.000000f,-0.000000f,
51.831344f,-2418.174336f,-0.000000f,7512.017664f,251.691533f,531.098955f,38.365980f,-1444.265292f,-0.000000f,95.271977f,21.615519f,278.278132f,
2495.197591f,-52.048267f,-0.000000f,251.691533f,7928.310085f,1330.488475f,1504.557167f,-38.439368f,-0.000000f,21.590239f,132.789316f,697.057072f,
151.889677f,-60.408183f,-0.000000f,531.098955f,1330.488475f,26142.667320f,141.890071f,-56.544871f,-0.000000f,77.297381f,193.420398f,3190.446904f,
874.364421f,-10.143521f,0.000000f,38.365980f,1504.557167f,141.890071f,425.219519f,-6.844379f,0.000000f,2.456878f,20.833187f,70.369880f,
-10.125081f,859.081110f,0.000000f,-1444.265292f,-38.439368f,-56.544871f,-6.844379f,414.609630f,0.000000f,-17.043078f,-2.466548f,-28.042952f,
0.000000f,-0.000000f,1523.345611f,0.000000f,-0.000000f,-0.000000f,-0.000000f,-0.000000f,1230.385429f,-0.000000f,-0.000000f,-0.000000f,
2.864997f,-27.260970f,-0.000000f,95.271977f,21.590239f,77.297381f,2.456878f,-17.043078f,-0.000000f,13.059051f,3.410695f,49.656682f,
31.156203f,-2.887227f,-0.000000f,21.615519f,132.789316f,193.420398f,20.833187f,-2.466548f,-0.000000f,3.410695f,19.617266f,124.230877f,
73.937240f,-29.401887f,-0.000000f,278.278132f,697.057072f,3190.446904f,70.369880f,-28.042952f,-0.000000f,49.656682f,124.230877f,2181.678817f;

A << 
1.000000f,0.000000f,0.000000f,0.000000f,0.000039f,0.000000f,0.002000f,0.000000f,0.000000f,0.000000f,0.000000f,0.000000f,
0.000000f,1.000000f,0.000000f,-0.000039f,0.000000f,0.000000f,0.000000f,0.002000f,0.000000f,-0.000000f,0.000000f,0.000000f,
0.000000f,0.000000f,1.000000f,0.000000f,0.000000f,0.000000f,0.000000f,0.000000f,0.002000f,0.000000f,0.000000f,0.000000f,
0.000000f,0.000000f,0.000000f,1.000000f,0.000000f,0.000000f,0.000000f,0.000000f,0.000000f,0.001000f,0.000000f,0.000000f,
0.000000f,0.000000f,0.000000f,0.000000f,1.000000f,0.000000f,0.000000f,0.000000f,0.000000f,0.000000f,0.001000f,0.000000f,
0.000000f,0.000000f,0.000000f,0.000000f,0.000000f,1.000000f,0.000000f,0.000000f,0.000000f,0.000000f,0.000000f,0.001000f,
0.000000f,0.000000f,0.000000f,0.000000f,0.039240f,0.000000f,1.000000f,0.000000f,0.000000f,0.000000f,0.000020f,0.000000f,
0.000000f,0.000000f,0.000000f,-0.039240f,0.000000f,0.000000f,0.000000f,1.000000f,0.000000f,-0.000020f,0.000000f,0.000000f,
0.000000f,0.000000f,0.000000f,0.000000f,0.000000f,0.000000f,0.000000f,0.000000f,1.000000f,0.000000f,0.000000f,0.000000f,
0.000000f,0.000000f,0.000000f,0.000000f,0.000000f,0.000000f,0.000000f,0.000000f,0.000000f,1.000000f,0.000000f,0.000000f,
0.000000f,0.000000f,0.000000f,0.000000f,0.000000f,0.000000f,0.000000f,0.000000f,0.000000f,0.000000f,1.000000f,0.000000f,
0.000000f,0.000000f,0.000000f,0.000000f,0.000000f,0.000000f,0.000000f,0.000000f,0.000000f,0.000000f,0.000000f,1.000000f;

B << 
-0.000000f,0.000000f,0.000000f,-0.000000f,
0.000000f,0.000000f,-0.000000f,-0.000000f,
0.000008f,0.000008f,0.000008f,0.000008f,
-0.000275f,-0.000303f,0.000276f,0.000303f,
-0.000277f,0.000304f,0.000278f,-0.000305f,
0.000020f,-0.000007f,-0.000028f,0.000015f,
-0.000004f,0.000004f,0.000004f,-0.000004f,
0.000004f,0.000004f,-0.000004f,-0.000004f,
0.008409f,0.008409f,0.008409f,0.008409f,
-0.550709f,-0.606468f,0.551325f,0.605852f,
-0.553414f,0.608557f,0.555139f,-0.610282f,
0.039495f,-0.014447f,-0.055688f,0.030639f;

Quu_inv << 
0.001526f,0.000000f,0.000012f,-0.000000f,
0.000000f,0.001525f,-0.000000f,0.000013f,
0.000012f,-0.000000f,0.001526f,0.000001f,
-0.000000f,0.000013f,0.000001f,0.001525f;

AmBKt << 
1.000000f,-0.000000f,-0.000000f,0.000001f,-0.000026f,0.000002f,-0.000000f,-0.000000f,-0.000000f,0.002883f,-0.052783f,0.003144f,
-0.000000f,1.000000f,0.000000f,0.000026f,-0.000001f,-0.000001f,-0.000000f,-0.000000f,0.000000f,0.052104f,-0.002783f,-0.001098f,
0.000000f,-0.000000f,0.999999f,0.000000f,0.000000f,-0.000000f,0.000000f,-0.000000f,-0.000661f,0.000000f,0.000000f,-0.000000f,
0.000000f,-0.000039f,-0.000000f,0.999913f,0.000004f,0.000002f,0.000000f,-0.039239f,-0.000000f,-0.174004f,0.007478f,0.003707f,
0.000039f,-0.000000f,-0.000000f,0.000004f,0.999911f,0.000005f,0.039239f,-0.000000f,-0.000000f,0.007968f,-0.178801f,0.010516f,
0.000000f,-0.000000f,0.000000f,0.000001f,0.000003f,0.999999f,0.000000f,-0.000000f,0.000000f,0.001737f,0.005051f,-0.001616f,
0.002000f,-0.000000f,-0.000000f,0.000001f,-0.000016f,0.000001f,1.000000f,-0.000000f,-0.000000f,0.001639f,-0.032775f,0.001946f,
-0.000000f,0.002000f,0.000000f,0.000016f,-0.000001f,-0.000000f,-0.000000f,1.000000f,0.000000f,0.032140f,-0.001563f,-0.000683f,
0.000000f,-0.000000f,0.001999f,0.000000f,0.000000f,-0.000000f,0.000000f,-0.000000f,0.999467f,0.000000f,0.000000f,-0.000000f,
0.000000f,-0.000000f,0.000000f,0.000992f,0.000000f,0.000000f,0.000000f,-0.000020f,0.000000f,0.983981f,0.000802f,0.000325f,
0.000000f,-0.000000f,-0.000000f,0.000000f,0.000992f,0.000000f,0.000020f,-0.000000f,-0.000000f,0.000841f,0.983526f,0.000942f,
0.000000f,-0.000000f,-0.000000f,0.000001f,0.000004f,0.000999f,0.000000f,-0.000000f,-0.000000f,0.002560f,0.007926f,0.998623f;

coeff_d2p << 
1.039187f,-1.080547f,-1.032986f,1.074347f,
-1.017332f,-1.053231f,1.015148f,1.055414f,
-0.062414f,-0.062414f,-0.062414f,-0.062414f,
3.497146f,3.525855f,-3.469242f,-3.553758f,
3.638274f,-3.709516f,-3.566017f,3.637259f,
0.040131f,-0.119651f,0.331942f,-0.252421f,
0.654070f,-0.673979f,-0.647425f,0.667334f,
-0.635310f,-0.650404f,0.632836f,0.652878f,
-0.079414f,-0.079414f,-0.079414f,-0.079414f,
2.214634f,2.405687f,-2.211224f,-2.409097f,
2.237205f,-2.432981f,-2.229031f,2.424808f,
-3.445942f,1.182414f,5.136310f,-2.872782f;

Kinf_s << 
-0.124969f,0.121877f,0.190980f,-0.448561f,-0.497395f,-0.361990f,-0.082173f,0.077990f,0.155468f,-0.036772f,-0.045913f,-0.235973f,
0.122183f,0.111695f,0.190980f,-0.362241f,0.479292f,0.370162f,0.079730f,0.068599f,0.155468f,-0.022942f,0.044202f,0.239785f,
0.107298f,-0.114855f,0.190980f,0.381340f,0.328962f,-0.389825f,0.065259f,-0.071253f,0.155468f,0.024711f,0.015737f,-0.248952f,
-0.104512f,-0.118717f,0.190980f,0.429463f,-0.310859f,0.381653f,-0.062816f,-0.075336f,0.155468f,0.035002f,-0.014025f,0.245139f;

Pinf_s << 
3162.128008f,-15.912264f,0.000000f,51.428273f,2465.605462f,151.850602f,868.886466f,-10.086654f,0.000000f,2.810533f,29.101467f,73.639130f,
-15.912264f,3138.307040f,0.000000f,-2389.030088f,-51.642990f,-60.395156f,-10.104957f,853.630660f,0.000000f,-25.267322f,-2.832594f,-29.291431f,
0.000000f,-0.000000f,4070.019924f,0.000000f,-0.000000f,-0.000000f,-0.000000f,-0.000000f,1516.015685f,-0.000000f,-0.000000f,-0.000000f,
51.428273f,-2389.030088f,-0.000000f,7410.249133f,248.872871f,529.061539f,38.006626f,-1426.150995f,-0.000000f,88.536702f,21.283410f,276.625092f,
2465.605462f,-51.642990f,-0.000000f,248.872871f,7822.654547f,1325.355900f,1485.991541f,-38.079120f,-0.000000f,21.257747f,125.583079f,692.846772f,
151.850602f,-60.395156f,-0.000000f,529.061539f,1325.355900f,25746.697564f,141.592817f,-56.428157f,-0.000000f,76.814358f,192.207735f,3167.351889f,
868.886466f,-10.104957f,0.000000f,38.006626f,1485.991541f,141.592817f,418.257617f,-6.802513f,0.000000f,2.412934f,19.542805f,70.009852f,
-10.086654f,853.630660f,0.000000f,-1426.150995f,-38.079120f,-56.428157f,-6.802513f,407.692384f,0.000000f,-15.808063f,-2.422570f,-27.904511f,
0.000000f,-0.000000f,1516.015685f,0.000000f,-0.000000f,-0.000000f,-0.000000f,-0.000000f,1220.958211f,-0.000000f,-0.000000f,-0.000000f,
2.810533f,-25.267322f,-0.000000f,88.536702f,21.257747f,76.814358f,2.412934f,-15.808063f,-0.000000f,9.001430f,3.369385f,49.320133f,
29.101467f,-2.832594f,-0.000000f,21.283410f,125.583079f,192.207735f,19.542805f,-2.422570f,-0.000000f,3.369385f,15.496026f,123.380991f,
73.639130f,-29.291431f,-0.000000f,276.625092f,692.846772f,3167.351889f,70.009852f,-27.904511f,-0.000000f,49.320133f,123.380991f,2077.075091f;

A_s << 
1.000000f,0.000000f,0.000000f,0.000000f,0.003924f,0.000000f,0.020000f,0.000000f,0.000000f,0.000000f,0.000013f,0.000000f,
0.000000f,1.000000f,0.000000f,-0.003924f,0.000000f,0.000000f,0.000000f,0.020000f,0.000000f,-0.000013f,0.000000f,0.000000f,
0.000000f,0.000000f,1.000000f,0.000000f,0.000000f,0.000000f,0.000000f,0.000000f,0.020000f,0.000000f,0.000000f,0.000000f,
0.000000f,0.000000f,0.000000f,1.000000f,0.000000f,0.000000f,0.000000f,0.000000f,0.000000f,0.010000f,0.000000f,0.000000f,
0.000000f,0.000000f,0.000000f,0.000000f,1.000000f,0.000000f,0.000000f,0.000000f,0.000000f,0.000000f,0.010000f,0.000000f,
0.000000f,0.000000f,0.000000f,0.000000f,0.000000f,1.000000f,0.000000f,0.000000f,0.000000f,0.000000f,0.000000f,0.010000f,
0.000000f,0.000000f,0.000000f,0.000000f,0.392400f,0.000000f,1.000000f,0.000000f,0.000000f,0.000000f,0.001962f,0.000000f,
0.000000f,0.000000f,0.000000f,-0.392400f,0.000000f,0.000000f,0.000000f,1.000000f,0.000000f,-0.001962f,0.000000f,0.000000f,
0.000000f,0.000000f,0.000000f,0.000000f,0.000000f,0.000000f,0.000000f,0.000000f,1.000000f,0.000000f,0.000000f,0.000000f,
0.000000f,0.000000f,0.000000f,0.000000f,0.000000f,0.000000f,0.000000f,0.000000f,0.000000f,1.000000f,0.000000f,0.000000f,
0.000000f,0.000000f,0.000000f,0.000000f,0.000000f,0.000000f,0.000000f,0.000000f,0.000000f,0.000000f,1.000000f,0.000000f,
0.000000f,0.000000f,0.000000f,0.000000f,0.000000f,0.000000f,0.000000f,0.000000f,0.000000f,0.000000f,0.000000f,1.000000f;

B_s << 
-0.000018f,0.000020f,0.000018f,-0.000020f,
0.000018f,0.000020f,-0.000018f,-0.000020f,
0.000841f,0.000841f,0.000841f,0.000841f,
-0.027535f,-0.030323f,0.027566f,0.030293f,
-0.027671f,0.030428f,0.027757f,-0.030514f,
0.001975f,-0.000722f,-0.002784f,0.001532f,
-0.003619f,0.003980f,0.003631f,-0.003991f,
0.003602f,0.003966f,-0.003606f,-0.003962f,
0.084086f,0.084086f,0.084086f,0.084086f,
-5.507092f,-6.064681f,5.513253f,6.058520f,
-5.534140f,6.085568f,5.551390f,-6.102818f,
0.394954f,-0.144473f,-0.556875f,0.306394f;

Quu_inv_s << 
0.000998f,0.000013f,0.000444f,0.000005f,
0.000013f,0.000982f,0.000006f,0.000458f,
0.000444f,0.000006f,0.000992f,0.000016f,
0.000005f,0.000458f,0.000016f,0.000980f;

AmBKt_s << 
0.999991f,-0.000000f,-0.000000f,0.000472f,-0.013343f,0.000794f,-0.001745f,-0.000062f,-0.000000f,0.094414f,-2.668613f,0.158782f,
-0.000000f,0.999991f,-0.000000f,0.013505f,-0.000461f,-0.000298f,-0.000060f,-0.001766f,-0.000000f,2.701058f,-0.092147f,-0.059585f,
-0.000000f,0.000000f,0.999358f,-0.000000f,0.000000f,-0.000000f,0.000000f,0.000000f,-0.064235f,-0.000000f,-0.000000f,-0.000000f,
0.000001f,-0.003893f,0.000000f,0.953143f,0.001130f,0.001028f,0.000148f,-0.386271f,0.000000f,-9.371475f,0.226009f,0.205601f,
0.003893f,-0.000001f,-0.000000f,0.001186f,0.953036f,0.002721f,0.386257f,-0.000155f,-0.000000f,0.237250f,-9.392730f,0.544129f,
0.000001f,-0.000000f,-0.000000f,0.000442f,0.001186f,0.999312f,0.000155f,-0.000058f,-0.000000f,0.088350f,0.237283f,-0.137572f,
0.019994f,-0.000000f,0.000000f,0.000259f,-0.008428f,0.000498f,0.998898f,-0.000034f,0.000000f,0.051785f,-1.685602f,0.099562f,
-0.000000f,0.019994f,-0.000000f,0.008474f,-0.000250f,-0.000187f,-0.000033f,0.998892f,-0.000000f,1.694782f,-0.050062f,-0.037488f,
-0.000000f,0.000000f,0.019477f,-0.000000f,0.000000f,-0.000000f,0.000000f,0.000000f,0.947710f,-0.000000f,0.000000f,-0.000000f,
0.000000f,-0.000011f,-0.000000f,0.006550f,0.000063f,0.000071f,0.000008f,-0.001511f,-0.000000f,0.310061f,0.012546f,0.014245f,
0.000011f,-0.000000f,-0.000000f,0.000067f,0.006520f,0.000188f,0.001507f,-0.000009f,-0.000000f,0.013430f,0.303959f,0.037581f,
0.000000f,-0.000000f,-0.000000f,0.000210f,0.000565f,0.009570f,0.000074f,-0.000028f,-0.000000f,0.042050f,0.112931f,0.914097f;

coeff_d2p_s << 
0.000063f,-0.000065f,0.000057f,-0.000055f,
-0.000029f,0.000017f,-0.000019f,0.000030f,
0.000113f,0.000113f,0.000113f,0.000113f,
0.000214f,-0.000200f,0.000225f,-0.000239f,
0.000518f,-0.000542f,0.000581f,-0.000558f,
0.009865f,-0.010383f,0.011748f,-0.011231f,
0.000060f,-0.000063f,0.000061f,-0.000059f,
-0.000026f,0.000020f,-0.000022f,0.000028f,
-0.000287f,-0.000287f,-0.000287f,-0.000287f,
0.000041f,-0.000042f,0.000048f,-0.000046f,
0.000101f,-0.000106f,0.000120f,-0.000115f,
0.001661f,-0.001748f,0.001978f,-0.001891f;

Q << 
100.000000f,0.000000f,0.000000f,0.000000f,0.000000f,0.000000f,0.000000f,0.000000f,0.000000f,0.000000f,0.000000f,0.000000f,
0.000000f,100.000000f,0.000000f,0.000000f,0.000000f,0.000000f,0.000000f,0.000000f,0.000000f,0.000000f,0.000000f,0.000000f,
0.000000f,0.000000f,100.000000f,0.000000f,0.000000f,0.000000f,0.000000f,0.000000f,0.000000f,0.000000f,0.000000f,0.000000f,
0.000000f,0.000000f,0.000000f,4.000000f,0.000000f,0.000000f,0.000000f,0.000000f,0.000000f,0.000000f,0.000000f,0.000000f,
0.000000f,0.000000f,0.000000f,0.000000f,4.000000f,0.000000f,0.000000f,0.000000f,0.000000f,0.000000f,0.000000f,0.000000f,
0.000000f,0.000000f,0.000000f,0.000000f,0.000000f,400.000000f,0.000000f,0.000000f,0.000000f,0.000000f,0.000000f,0.000000f,
0.000000f,0.000000f,0.000000f,0.000000f,0.000000f,0.000000f,4.000000f,0.000000f,0.000000f,0.000000f,0.000000f,0.000000f,
0.000000f,0.000000f,0.000000f,0.000000f,0.000000f,0.000000f,0.000000f,4.000000f,0.000000f,0.000000f,0.000000f,0.000000f,
0.000000f,0.000000f,0.000000f,0.000000f,0.000000f,0.000000f,0.000000f,0.000000f,4.000000f,0.000000f,0.000000f,0.000000f,
0.000000f,0.000000f,0.000000f,0.000000f,0.000000f,0.000000f,0.000000f,0.000000f,0.000000f,4.000000f,0.000000f,0.000000f,
0.000000f,0.000000f,0.000000f,0.000000f,0.000000f,0.000000f,0.000000f,0.000000f,0.000000f,0.000000f,4.000000f,0.000000f,
0.000000f,0.000000f,0.000000f,0.000000f,0.000000f,0.000000f,0.000000f,0.000000f,0.000000f,0.000000f,0.000000f,100.000000f;

R << 
400.000000f,0.000000f,0.000000f,0.000000f,
0.000000f,400.000000f,0.000000f,0.000000f,
0.000000f,0.000000f,400.000000f,0.000000f,
0.000000f,0.000000f,0.000000f,400.000000f;

