Kinf << 
-1.536310f,0.001944f,1.111193f,-0.021520f,-1.255252f,0.010813f,-0.444086f,0.004153f,0.363864f,-0.000831f,-0.049825f,0.023153f,
0.003286f,-1.535061f,1.111193f,1.256905f,0.021905f,-0.010832f,0.004531f,-0.444080f,0.363864f,0.050772f,0.000019f,-0.023196f,
1.531669f,-0.000085f,1.111193f,0.020866f,1.253757f,0.010878f,0.442760f,-0.003612f,0.363864f,0.001908f,0.052524f,0.023294f,
0.001355f,1.533202f,1.111193f,-1.256250f,-0.020410f,-0.010859f,-0.003206f,0.443539f,0.363864f,-0.051848f,-0.002718f,-0.023252f;

Pinf << 
722.659095f,-5.849114f,0.000000f,4.314471f,164.744989f,0.000352f,103.481417f,-1.685427f,0.000000f,0.129730f,2.724139f,-0.000251f,
-5.849114f,723.222489f,0.000000f,-165.180512f,-4.316154f,-0.000141f,-1.685725f,103.643774f,-0.000000f,-2.739502f,-0.129816f,0.000100f,
0.000000f,-0.000000f,818.633770f,-0.000000f,0.000000f,-0.000000f,-0.000000f,-0.000000f,132.963616f,-0.000000f,-0.000000f,-0.000000f,
4.314471f,-165.180512f,-0.000000f,103.411728f,3.973760f,0.043123f,1.369873f,-42.150148f,-0.000000f,2.231303f,0.145180f,0.057811f,
164.744989f,-4.316154f,0.000000f,3.973760f,103.050879f,0.107800f,42.018274f,-1.370138f,0.000000f,0.145153f,2.222811f,0.144518f,
0.000352f,-0.000141f,0.000000f,0.043123f,0.107800f,1.754048f,0.002113f,-0.000845f,-0.000000f,0.033214f,0.083029f,1.350595f,
103.481417f,-1.685725f,0.000000f,1.369873f,42.018274f,0.002113f,21.416891f,-0.508099f,0.000000f,0.043810f,0.785079f,0.001178f,
-1.685427f,103.643774f,0.000000f,-42.150148f,-1.370138f,-0.000845f,-0.508099f,21.464817f,0.000000f,-0.790057f,-0.043828f,-0.000471f,
0.000000f,-0.000000f,132.963616f,0.000000f,0.000000f,-0.000000f,-0.000000f,-0.000000f,43.406939f,-0.000000f,-0.000000f,-0.000000f,
0.129730f,-2.739502f,-0.000000f,2.231303f,0.145153f,0.033214f,0.043810f,-0.790057f,-0.000000f,0.092852f,0.011010f,0.071104f,
2.724139f,-0.129816f,0.000000f,0.145180f,2.222811f,0.083029f,0.785079f,-0.043828f,0.000000f,0.011010f,0.101286f,0.177747f,
-0.000251f,0.000100f,0.000000f,0.057811f,0.144518f,1.350595f,0.001178f,-0.000471f,-0.000000f,0.071104f,0.177747f,2.891822f;

A << 
1.000000f,0.000000f,0.000000f,0.000000f,0.000039f,0.000000f,0.002000f,0.000000f,0.000000f,0.000000f,0.000000f,0.000000f,
0.000000f,1.000000f,0.000000f,-0.000039f,0.000000f,0.000000f,0.000000f,0.002000f,0.000000f,-0.000000f,0.000000f,0.000000f,
0.000000f,0.000000f,1.000000f,0.000000f,0.000000f,0.000000f,0.000000f,0.000000f,0.002000f,0.000000f,0.000000f,0.000000f,
0.000000f,0.000000f,0.000000f,1.000000f,0.000000f,0.000000f,0.000000f,0.000000f,0.000000f,0.001000f,0.000000f,0.000000f,
0.000000f,0.000000f,0.000000f,0.000000f,1.000000f,0.000000f,0.000000f,0.000000f,0.000000f,0.000000f,0.001000f,0.000000f,
0.000000f,0.000000f,0.000000f,0.000000f,0.000000f,1.000000f,0.000000f,0.000000f,0.000000f,0.000000f,0.000000f,0.001000f,
0.000000f,0.000000f,0.000000f,0.000000f,0.039240f,0.000000f,1.000000f,0.000000f,0.000000f,0.000000f,0.000020f,0.000000f,
0.000000f,0.000000f,0.000000f,-0.039240f,0.000000f,0.000000f,0.000000f,1.000000f,0.000000f,-0.000020f,0.000000f,0.000000f,
0.000000f,0.000000f,0.000000f,0.000000f,0.000000f,0.000000f,0.000000f,0.000000f,1.000000f,0.000000f,0.000000f,0.000000f,
0.000000f,0.000000f,0.000000f,0.000000f,0.000000f,0.000000f,0.000000f,0.000000f,0.000000f,1.000000f,0.000000f,0.000000f,
0.000000f,0.000000f,0.000000f,0.000000f,0.000000f,0.000000f,0.000000f,0.000000f,0.000000f,0.000000f,1.000000f,0.000000f,
0.000000f,0.000000f,0.000000f,0.000000f,0.000000f,0.000000f,0.000000f,0.000000f,0.000000f,0.000000f,0.000000f,1.000000f;

B << 
-0.000000f,-0.000000f,0.000000f,0.000000f,
-0.000000f,-0.000000f,0.000000f,0.000000f,
0.000008f,0.000008f,0.000008f,0.000008f,
0.000014f,0.000289f,-0.000014f,-0.000289f,
-0.000291f,-0.000013f,0.000290f,0.000014f,
0.000022f,-0.000010f,-0.000013f,0.000002f,
-0.000004f,-0.000000f,0.000004f,0.000000f,
-0.000000f,-0.000004f,0.000000f,0.000004f,
0.008409f,0.008409f,0.008409f,0.008409f,
0.027263f,0.578897f,-0.027879f,-0.578281f,
-0.582710f,-0.026709f,0.580985f,0.028434f,
0.043163f,-0.020620f,-0.026971f,0.004428f;

Quu_inv << 
0.967304f,-0.003412f,0.026136f,-0.002228f,
-0.003412f,0.967442f,-0.002282f,0.026051f,
0.026136f,-0.002282f,0.967477f,-0.003532f,
-0.002228f,0.026051f,-0.003532f,0.967508f;

AmBKt << 
1.000000f,-0.000000f,0.000000f,0.000042f,-0.000893f,0.000054f,-0.000012f,-0.000001f,0.000000f,0.083468f,-1.785052f,0.107685f,
-0.000000f,1.000000f,-0.000000f,0.000888f,-0.000042f,-0.000019f,-0.000001f,-0.000012f,-0.000000f,1.775207f,-0.083413f,-0.038528f,
0.000000f,0.000000f,0.999963f,-0.000000f,0.000000f,-0.000000f,0.000000f,0.000000f,-0.037374f,-0.000000f,0.000000f,-0.000000f,
0.000000f,-0.000039f,0.000000f,0.999274f,0.000022f,0.000016f,0.000000f,-0.039230f,-0.000000f,-1.452915f,0.044628f,0.032972f,
0.000039f,-0.000000f,0.000000f,0.000022f,0.999271f,0.000044f,0.039230f,-0.000000f,0.000000f,0.044693f,-1.458697f,0.088539f,
0.000000f,-0.000000f,0.000000f,0.000000f,0.000000f,1.000000f,0.000000f,-0.000000f,0.000000f,0.000000f,0.000000f,-0.000349f,
0.002000f,-0.000000f,-0.000000f,0.000010f,-0.000258f,0.000016f,0.999997f,-0.000000f,0.000000f,0.019974f,-0.515799f,0.031218f,
-0.000000f,0.002000f,0.000000f,0.000257f,-0.000010f,-0.000006f,-0.000000f,0.999997f,-0.000000f,0.513353f,-0.019954f,-0.011398f,
-0.000000f,0.000000f,0.001988f,-0.000000f,0.000000f,0.000000f,-0.000000f,0.000000f,0.987762f,-0.000000f,0.000000f,-0.000000f,
0.000000f,-0.000000f,0.000000f,0.000970f,0.000001f,0.000001f,0.000000f,-0.000019f,0.000000f,0.940701f,0.001238f,0.001364f,
0.000000f,-0.000000f,-0.000000f,0.000001f,0.000970f,0.000002f,0.000019f,-0.000000f,0.000000f,0.001240f,0.940529f,0.003580f,
-0.000000f,0.000000f,0.000000f,-0.000000f,-0.000000f,0.001000f,-0.000000f,0.000000f,0.000000f,-0.000000f,-0.000000f,0.999254f;

coeff_d2p << 
-0.000000f,0.000000f,-0.000000f,0.000000f,
0.000000f,-0.000000f,0.000000f,-0.000000f,
-0.000000f,-0.000000f,-0.000000f,-0.000000f,
-0.000000f,0.000000f,-0.000000f,0.000000f,
-0.000000f,0.000000f,-0.000000f,0.000000f,
-0.000006f,0.000006f,-0.000006f,0.000006f,
-0.000000f,0.000000f,-0.000000f,0.000000f,
0.000000f,-0.000000f,0.000000f,-0.000000f,
-0.000000f,-0.000000f,-0.000000f,-0.000000f,
-0.000000f,0.000000f,-0.000000f,0.000000f,
-0.000001f,0.000001f,-0.000001f,0.000001f,
-0.000012f,0.000012f,-0.000012f,0.000012f;

Q << 
5.000000f,0.000000f,0.000000f,0.000000f,0.000000f,0.000000f,0.000000f,0.000000f,0.000000f,0.000000f,0.000000f,0.000000f,
0.000000f,5.000000f,0.000000f,0.000000f,0.000000f,0.000000f,0.000000f,0.000000f,0.000000f,0.000000f,0.000000f,0.000000f,
0.000000f,0.000000f,5.000000f,0.000000f,0.000000f,0.000000f,0.000000f,0.000000f,0.000000f,0.000000f,0.000000f,0.000000f,
0.000000f,0.000000f,0.000000f,0.001000f,0.000000f,0.000000f,0.000000f,0.000000f,0.000000f,0.000000f,0.000000f,0.000000f,
0.000000f,0.000000f,0.000000f,0.000000f,0.001000f,0.000000f,0.000000f,0.000000f,0.000000f,0.000000f,0.000000f,0.000000f,
0.000000f,0.000000f,0.000000f,0.000000f,0.000000f,0.001000f,0.000000f,0.000000f,0.000000f,0.000000f,0.000000f,0.000000f,
0.000000f,0.000000f,0.000000f,0.000000f,0.000000f,0.000000f,0.001000f,0.000000f,0.000000f,0.000000f,0.000000f,0.000000f,
0.000000f,0.000000f,0.000000f,0.000000f,0.000000f,0.000000f,0.000000f,0.001000f,0.000000f,0.000000f,0.000000f,0.000000f,
0.000000f,0.000000f,0.000000f,0.000000f,0.000000f,0.000000f,0.000000f,0.000000f,0.001000f,0.000000f,0.000000f,0.000000f,
0.000000f,0.000000f,0.000000f,0.000000f,0.000000f,0.000000f,0.000000f,0.000000f,0.000000f,0.001000f,0.000000f,0.000000f,
0.000000f,0.000000f,0.000000f,0.000000f,0.000000f,0.000000f,0.000000f,0.000000f,0.000000f,0.000000f,0.001000f,0.000000f,
0.000000f,0.000000f,0.000000f,0.000000f,0.000000f,0.000000f,0.000000f,0.000000f,0.000000f,0.000000f,0.000000f,0.001000f;

R << 
1.000000f,0.000000f,0.000000f,0.000000f,
0.000000f,1.000000f,0.000000f,0.000000f,
0.000000f,0.000000f,1.000000f,0.000000f,
0.000000f,0.000000f,0.000000f,1.000000f;

