Kinf << 
-0.149010f,0.148895f,0.378017f,-0.460445f,-0.484674f,-0.378801f,-0.087547f,0.086307f,0.215372f,-0.035436f,-0.042164f,-0.181182f,
0.143854f,0.142199f,0.378017f,-0.406518f,0.464162f,0.379961f,0.084132f,0.080710f,0.215372f,-0.024813f,0.040485f,0.181068f,
0.145451f,-0.147481f,0.378017f,0.427294f,0.401721f,-0.382698f,0.082235f,-0.084188f,0.215372f,0.026506f,0.019832f,-0.180770f,
-0.140296f,-0.143614f,0.378017f,0.439670f,-0.381209f,0.381537f,-0.078820f,-0.082829f,0.215372f,0.033744f,-0.018153f,0.180884f;

Pinf << 
4492.712670f,-12.224315f,0.000000f,32.648154f,3030.288588f,85.701278f,1147.072010f,-6.967775f,0.000000f,1.618138f,31.618876f,16.600446f,
-12.224315f,4482.298399f,-0.000000f,-3004.377975f,-32.756102f,-34.199539f,-6.977616f,1141.039790f,-0.000000f,-30.850832f,-1.628599f,-6.635161f,
-0.000000f,-0.000000f,11394.816856f,0.000000f,-0.000000f,-0.000000f,0.000000f,-0.000000f,3032.098448f,-0.000000f,-0.000000f,-0.000000f,
32.648154f,-3004.377975f,0.000000f,7935.848635f,137.736330f,445.756593f,21.818745f,-1631.905251f,0.000000f,90.821980f,12.525656f,138.558600f,
3030.288588f,-32.756102f,-0.000000f,137.736330f,8097.956973f,1114.920361f,1653.027007f,-21.852085f,-0.000000f,12.515024f,108.873550f,346.422381f,
85.701278f,-34.199539f,-0.000000f,445.756593f,1114.920361f,19010.822325f,95.888840f,-38.310763f,-0.000000f,77.814822f,194.564910f,3172.957016f,
1147.072010f,-6.977616f,-0.000000f,21.818745f,1653.027007f,95.888840f,496.145686f,-4.222811f,0.000000f,1.295561f,18.652643f,22.988469f,
-6.967775f,1141.039790f,-0.000000f,-1631.905251f,-21.852085f,-38.310763f,-4.222811f,492.191246f,-0.000000f,-17.477203f,-1.299761f,-9.192684f,
-0.000000f,-0.000000f,3032.098448f,0.000000f,-0.000000f,-0.000000f,0.000000f,-0.000000f,1699.189328f,-0.000000f,-0.000000f,-0.000000f,
1.618138f,-30.850832f,-0.000000f,90.821980f,12.515024f,77.814822f,1.295561f,-17.477203f,-0.000000f,8.730742f,2.545934f,36.667909f,
31.618876f,-1.628599f,-0.000000f,12.525656f,108.873550f,194.564910f,18.652643f,-1.299761f,-0.000000f,2.545934f,13.485263f,91.668855f,
16.600446f,-6.635161f,-0.000000f,138.558600f,346.422381f,3172.957016f,22.988469f,-9.192684f,-0.000000f,36.667909f,91.668855f,1504.802766f;

A << 
1.000000f,0.000000f,0.000000f,0.000000f,0.003924f,0.000000f,0.020000f,0.000000f,0.000000f,0.000000f,0.000013f,0.000000f,
0.000000f,1.000000f,0.000000f,-0.003924f,0.000000f,0.000000f,0.000000f,0.020000f,0.000000f,-0.000013f,0.000000f,0.000000f,
0.000000f,0.000000f,1.000000f,0.000000f,0.000000f,0.000000f,0.000000f,0.000000f,0.020000f,0.000000f,0.000000f,0.000000f,
0.000000f,0.000000f,0.000000f,1.000000f,0.000000f,0.000000f,0.000000f,0.000000f,0.000000f,0.010000f,0.000000f,0.000000f,
0.000000f,0.000000f,0.000000f,0.000000f,1.000000f,0.000000f,0.000000f,0.000000f,0.000000f,0.000000f,0.010000f,0.000000f,
0.000000f,0.000000f,0.000000f,0.000000f,0.000000f,1.000000f,0.000000f,0.000000f,0.000000f,0.000000f,0.000000f,0.010000f,
0.000000f,0.000000f,0.000000f,0.000000f,0.392400f,0.000000f,1.000000f,0.000000f,0.000000f,0.000000f,0.001962f,0.000000f,
0.000000f,0.000000f,0.000000f,-0.392400f,0.000000f,0.000000f,0.000000f,1.000000f,0.000000f,-0.001962f,0.000000f,0.000000f,
0.000000f,0.000000f,0.000000f,0.000000f,0.000000f,0.000000f,0.000000f,0.000000f,1.000000f,0.000000f,0.000000f,0.000000f,
0.000000f,0.000000f,0.000000f,0.000000f,0.000000f,0.000000f,0.000000f,0.000000f,0.000000f,1.000000f,0.000000f,0.000000f,
0.000000f,0.000000f,0.000000f,0.000000f,0.000000f,0.000000f,0.000000f,0.000000f,0.000000f,0.000000f,1.000000f,0.000000f,
0.000000f,0.000000f,0.000000f,0.000000f,0.000000f,0.000000f,0.000000f,0.000000f,0.000000f,0.000000f,0.000000f,1.000000f;

B << 
-0.000018f,0.000020f,0.000018f,-0.000020f,
0.000018f,0.000020f,-0.000018f,-0.000020f,
0.000841f,0.000841f,0.000841f,0.000841f,
-0.027535f,-0.030323f,0.027566f,0.030293f,
-0.027671f,0.030428f,0.027757f,-0.030514f,
0.001975f,-0.000722f,-0.002784f,0.001532f,
-0.003619f,0.003980f,0.003631f,-0.003991f,
0.003602f,0.003966f,-0.003606f,-0.003962f,
0.084086f,0.084086f,0.084086f,0.084086f,
-5.507092f,-6.064681f,5.513253f,6.058520f,
-5.534140f,6.085568f,5.551390f,-6.102818f,
0.394954f,-0.144473f,-0.556875f,0.306394f;

Quu_inv << 
0.001000f,-0.000004f,0.000440f,-0.000007f,
-0.000004f,0.000980f,-0.000007f,0.000460f,
0.000440f,-0.000007f,0.000998f,-0.000003f,
-0.000007f,0.000460f,-0.000003f,0.000979f;

AmBKt << 
0.999989f,-0.000000f,-0.000000f,0.000500f,-0.016819f,0.001018f,-0.002200f,-0.000065f,-0.000000f,0.099900f,-3.363736f,0.203619f,
-0.000000f,0.999989f,-0.000000f,0.016828f,-0.000495f,-0.000382f,-0.000065f,-0.002201f,-0.000000f,3.365554f,-0.099084f,-0.076389f,
-0.000000f,-0.000000f,0.998729f,0.000000f,-0.000000f,0.000000f,-0.000000f,-0.000000f,-0.127143f,0.000000f,-0.000000f,-0.000000f,
0.000001f,-0.003891f,0.000000f,0.949897f,0.001184f,0.001132f,0.000155f,-0.385846f,-0.000000f,-10.020643f,0.236873f,0.226361f,
0.003891f,-0.000001f,-0.000000f,0.001203f,0.949683f,0.002995f,0.385818f,-0.000157f,-0.000000f,0.240623f,-10.063498f,0.598991f,
0.000000f,-0.000000f,-0.000000f,0.000083f,0.000222f,0.999372f,0.000029f,-0.000011f,-0.000000f,0.016612f,0.044344f,-0.125513f,
0.019994f,-0.000000f,-0.000000f,0.000261f,-0.009670f,0.000583f,0.998735f,-0.000034f,-0.000000f,0.052254f,-1.934029f,0.116676f,
-0.000000f,0.019994f,-0.000000f,0.009654f,-0.000258f,-0.000220f,-0.000034f,0.998737f,-0.000000f,1.930749f,-0.051660f,-0.043931f,
0.000000f,-0.000000f,0.019276f,0.000000f,0.000000f,-0.000000f,0.000000f,-0.000000f,0.927561f,0.000000f,0.000000f,-0.000000f,
0.000000f,-0.000011f,0.000000f,0.006519f,0.000068f,0.000074f,0.000009f,-0.001507f,0.000000f,0.303793f,0.013685f,0.014832f,
0.000011f,-0.000000f,-0.000000f,0.000070f,0.006497f,0.000196f,0.001504f,-0.000009f,-0.000000f,0.013968f,0.299401f,0.039108f,
0.000000f,-0.000000f,-0.000000f,0.000005f,0.000014f,0.009708f,0.000002f,-0.000001f,-0.000000f,0.001077f,0.002843f,0.941630f;

coeff_d2p << 
0.000008f,-0.000008f,0.000004f,-0.000004f,
-0.000004f,0.000001f,-0.000001f,0.000004f,
-0.000054f,-0.000054f,-0.000054f,-0.000054f,
0.000022f,-0.000006f,0.000006f,-0.000023f,
0.000044f,-0.000044f,0.000028f,-0.000028f,
0.000656f,-0.000666f,0.000691f,-0.000681f,
0.000005f,-0.000005f,0.000001f,-0.000001f,
-0.000003f,-0.000001f,0.000001f,0.000003f,
-0.000032f,-0.000032f,-0.000032f,-0.000032f,
0.000006f,-0.000006f,0.000006f,-0.000006f,
0.000014f,-0.000015f,0.000015f,-0.000015f,
0.000232f,-0.000237f,0.000248f,-0.000243f;

Q << 
156.250000f,0.000000f,0.000000f,0.000000f,0.000000f,0.000000f,0.000000f,0.000000f,0.000000f,0.000000f,0.000000f,0.000000f,
0.000000f,156.250000f,0.000000f,0.000000f,0.000000f,0.000000f,0.000000f,0.000000f,0.000000f,0.000000f,0.000000f,0.000000f,
0.000000f,0.000000f,400.000000f,0.000000f,0.000000f,0.000000f,0.000000f,0.000000f,0.000000f,0.000000f,0.000000f,0.000000f,
0.000000f,0.000000f,0.000000f,2.777778f,0.000000f,0.000000f,0.000000f,0.000000f,0.000000f,0.000000f,0.000000f,0.000000f,
0.000000f,0.000000f,0.000000f,0.000000f,2.777778f,0.000000f,0.000000f,0.000000f,0.000000f,0.000000f,0.000000f,0.000000f,
0.000000f,0.000000f,0.000000f,0.000000f,0.000000f,400.000000f,0.000000f,0.000000f,0.000000f,0.000000f,0.000000f,0.000000f,
0.000000f,0.000000f,0.000000f,0.000000f,0.000000f,0.000000f,4.000000f,0.000000f,0.000000f,0.000000f,0.000000f,0.000000f,
0.000000f,0.000000f,0.000000f,0.000000f,0.000000f,0.000000f,0.000000f,4.000000f,0.000000f,0.000000f,0.000000f,0.000000f,
0.000000f,0.000000f,0.000000f,0.000000f,0.000000f,0.000000f,0.000000f,0.000000f,4.000000f,0.000000f,0.000000f,0.000000f,
0.000000f,0.000000f,0.000000f,0.000000f,0.000000f,0.000000f,0.000000f,0.000000f,0.000000f,4.000000f,0.000000f,0.000000f,
0.000000f,0.000000f,0.000000f,0.000000f,0.000000f,0.000000f,0.000000f,0.000000f,0.000000f,0.000000f,4.000000f,0.000000f,
0.000000f,0.000000f,0.000000f,0.000000f,0.000000f,0.000000f,0.000000f,0.000000f,0.000000f,0.000000f,0.000000f,25.000000f;

R << 
400.000000f,0.000000f,0.000000f,0.000000f,
0.000000f,400.000000f,0.000000f,0.000000f,
0.000000f,0.000000f,400.000000f,0.000000f,
0.000000f,0.000000f,0.000000f,400.000000f;

